10000
300
60858
51046
87395
96166
73581
10441
75039
41811
20130
34995
26425
87711
99443
94609
64190
90724
85764
20341
13255
35889
12
40054
38820
56477
22917
72155
36711
95864
93489
80510
21208
70552
71262
21423
61781
52993
33675
90447
17308
1281
17938
60656
81360
32674
94602
99804
89305
79768
97458
97860
24591
17818
81331
37182
54612
71624
33952
2472
55908
85974
37231
88815
368
28490
80747
71955
52824
70866
31171
98701
36685
96392
92157
92226
41794
7007
80468
62354
43946
60118
38309
31552
22465
70943
89933
22115
75683
1740
15390
56514
26247
20429
9600
73831
93207
53653
13876
41874
80536
52797
79724
88339
17038
2237
5750
76300
83140
85307
43645
18402
66085
15942
66505
64250
90821
5738
95133
94862
79742
90060
6746
59243
2545
94079
97023
38497
58868
23450
80917
9017
23246
7099
1793
44305
67943
28604
5553
54919
32229
96661
92737
12118
37762
78278
84795
98506
65173
47811
89295
39730
52142
18209
4522
52084
38127
38373
23581
53102
1435
84116
83008
46926
43879
33727
74240
99587
31925
19875
95213
89369
70873
24687
8908
80490
86437
25484
53708
33804
32114
31196
24360
97406
89514
724
8823
4929
53319
92340
86735
11981
29107
95869
64926
47132
79537
73816
31502
18364
10316
27481
22703
21122
82370
56334
21584
40097
24577
59793
51238
45999
27585
35578
85185
39076
32915
57185
63715
20404
45925
36908
71703
39702
51674
41903
95701
70978
64320
53823
96466
51989
4381
32430
63761
57635
62506
52120
82414
41915
4345
58315
85174
90968
38363
1265
80699
66741
23609
45442
13800
49660
21015
79386
16867
27770
23405
18415
85573
76038
3432
23736
92404
61925
86463
43238
11712
75124
65411
97258
14521
8782
25566
80966
67204
91605
96649
89153
73911
73345
220
38802
5452
66917
23393
50559
53760
79264
4069
6014
32076
95988
88505
76531
67602
1905
32251
99506
68445
85891
78390
39988
