1
300
3387
52616
64029
57594
44616
49233
28764
14805
97302
31585
55172
94055
47888
27913
75798
20530
6513
35394
53595
87234
72695
11572
53585
71134
49800
6475
70342
83742
18149
5930
64500
18616
84484
33705
43516
66224
39981
48045
55041
58691
89510
56386
3224
8199
40367
46366
31190
72033
57723
13420
47973
27775
20055
65522
97670
94716
53813
27084
63040
86016
40710
35588
4212
40319
10410
96411
64233
84972
16106
77981
87851
32770
17593
30166
64307
71224
85314
12325
74101
55860
56944
34714
9577
81859
55571
39104
92457
34699
64947
32161
87247
91561
471
41630
58059
83032
53355
44163
36952
74969
76434
39619
29627
14394
21703
26463
10297
15706
27966
3551
33408
97613
92358
47257
21265
22367
17103
16417
72947
77224
38400
58501
31560
85660
6931
17424
51274
90162
82332
982
33903
88697
55376
77717
51318
78414
74194
38243
67876
80104
15484
59451
65865
64371
31311
53367
42717
19928
38915
83474
26505
32836
37864
97699
3815
91152
34688
67187
16269
35654
40310
25417
48409
65777
48681
57195
12972
47904
95132
54157
44853
52185
14
74078
40477
88976
4774
10559
14587
6848
56963
96660
98542
89350
65259
79680
2889
89202
184
229
99932
72278
33016
18041
41776
34519
28354
95837
52526
58967
38874
62337
905
24972
75431
1037
16264
25930
849
29013
82443
1804
54695
2124
75112
38538
41321
79281
25553
4229
72475
57159
59352
76267
57667
30832
85653
37735
3235
33800
60581
37283
93785
83672
72325
12480
99780
21642
87450
96369
78730
27755
76961
4897
71606
50093
23279
78895
31604
84568
85123
8684
24338
80366
28982
20688
70773
22953
21757
41212
72057
58828
45521
11680
95226
67980
8007
87797
32573
77716
64115
93088
14435
66098
75316
61589
4566
30507
68846
71568
38895
79792
51617
28981
41175
70417
30404
70621
76765
84014
84530
65750
67228
52161
82742
65564
51230
13368
27065
56656
