INICIO
1
2
6
24
120
720
5040
40320
362880
3628800
39916800
479001600
6227020800
10299016745
10329978488
10333147966
10813967582
10873661566
10888869450
11182486511
11240007277
11324281178
11462805637
11567725070
11729568794
11749972043
11962222086
11978571669
12146304367
12164510040
12265202031
12296942187
12413915592
12438414054
12688693218
12696403353
13076743680
13113358856
13246418194
13462012475
13520015276
13763753091
13868311854
14050061177
14438595832
14518309202
14857159644
14872707060
15036165148
15061417415
15511187532
15511210043
15882455415
16507955160
17112245242
17272458904
17629525510
18532718694
18548264225
18826771768
18854947016
18981437590
19745068572
19826083154
19929427461
20044015765
20063439050
20397882081
20922789888
21077572983
22311927486
23084369733
23505613312
23721732428
24227095383
24329020081
24800355424
24809140811
25260757449
25435597334
25563239178
25852016738
25862324151
26313083693
26525285981
26582715747
26904727073
26953641378
28171041143
29250936934
29467022724
29523279903
30126600184
30414093201
30488834461
30897696138
31469973260
32872185855
33078854415
33142401345
33452526613
33931086844
35568742809
36471110918
36590428819
37199332678
38089226376
38543707171
38562048236
39455239697
39699371608
40329146112
40526919504
42690680090
42748832840
44701154615
46845258497
47147236359
47536433370
47891429014
49745042224
50128887482
50758021387
51090942171
52302261746
54239106661
54434493907
55026221598
55502938327
55745857612
57133839564
57971260207
60415263063
60828186403
61234458376
62044840173
64023737057
64668554892
66895029134
69177864726
71099858780
71569457046
72574156153
74710629262
75907050539
80479260574
80658175170
80942985252
81591528324
82228386541
82476505920
83209871127
84715806908
85047858856
86272097742
86833176188
87178291200
88417619937
89461821307
90036917057
93326215443
93326215443
94259477598
96144667150
96157231969
96192759682
98750442008
99029007164
99167793487
FIM
