INICIO
1
2
6
24
120
720
5040
40320
362880
3628800
39916800
102990167
103299784
103331479
108139675
108736615
108888694
111824865
112400072
113242811
114628056
115677250
117295687
117499720
119622220
119785716
121463043
121645100
122652020
122969421
124139155
124384140
126886932
126964033
130767436
131133588
132464181
134620124
135200152
137637530
138683118
140500611
144385958
145183092
148571596
148727070
150361651
150614174
155111875
155112100
158824554
165079551
171122452
172724589
176295255
185327186
185482642
188267717
188549470
189814375
197450685
198260831
199294274
200440157
200634390
203978820
209227898
210775729
223119274
230843697
235056133
237217324
242270953
243290200
248003554
248091408
252607574
254355973
255632391
258520167
258623241
263130836
265252859
265827157
269047270
269536413
281710411
292509369
294670227
295232799
301266001
304140932
304888344
308976961
314699732
328721858
330788544
331424013
334525266
339310868
355687428
364711109
365904288
371993326
380892263
385437071
385620482
394552396
396993716
403291461
405269195
426906800
427488328
447011546
468452584
471472363
475364333
478914290
479001600
497450422
501288874
507580213
510909421
523022617
542391066
544344939
550262215
555029383
557458576
571338395
579712602
604152630
608281864
612344583
620448401
622702080
640237370
646685548
668950291
691778647
710998587
715694570
725741561
747106292
759070505
804792605
806581751
809429852
815915283
822283865
824765059
832098711
847158069
850478588
862720977
868331761
871782912
884176199
894618213
900369170
933262154
933262154
942594775
942689044
961446671
961572319
961927596
987504420
990290071
991677934
FIM
