INICIO
2
6
24
720
5040
40320
102990
103299
103331
108139
108736
108888
112400
113242
114628
117295
117499
119622
121463
122652
122969
124139
124384
126886
126964
130767
131133
134620
135200
138683
144385
150361
155111
165079
171122
176295
185327
185482
189814
199294
200440
200634
203978
209227
223119
237217
242270
243290
248003
254355
255632
258520
258623
269047
269536
281710
292509
295232
301266
304888
308976
314699
330788
331424
334525
355687
362880
362880
371993
380892
385437
385620
394552
396993
399168
403291
426906
427488
447011
468452
475364
478914
479001
497450
501288
544344
557458
571338
608281
612344
620448
622702
640237
646685
668950
691778
725741
809429
815915
824765
832098
871782
884176
933262
933262
942689
961572
961927
987504
990290
991677
FIM
