11
169
38
20
116
118
63
64
164
47
39
111
19
122
5
28
69
35
148
110
31
24
103
112
150
54
67
88
102
109
2
46
36
6
17
140
138
86
120
149
7
154
169
97
8
117
40
163
74
77
152
52
114
55
170
1
160
129
165
158
91
95
57
21
48
27
93
146
147
75
126
42
49
15
113
65
76
73
58
79
85
161
137
159
68
61
25
33
133
78
108
106
155
157
134
9
167
142
156
131
18
29
90
89
105
22
3
101
62
43
37
4
128
141
107
80
11
104
70
81
10
168
26
66
53
83
94
119
99
151
153
23
96
125
143
115
144
121
44
100
145
87
30
71
13
162
127
51
45
166
14
60
16
123
130
84
34
56
82
135
124
50
32
72
139
136
12
92
132
59
41
