1
170
30
169
166
143
103
38
160
36
116
7
127
2
148
5
97
53
67
25
91
84
93
136
98
22
124
82
11
47
39
162
44
126
156
8
140
14
115
105
125
134
40
69
113
95
96
79
63
155
50
33
10
59
165
51
137
168
88
48
15
55
153
41
16
120
167
74
112
1
135
131
157
163
139
133
111
60
3
81
31
52
158
147
19
102
46
107
28
65
34
119
43
128
138
73
68
117
80
106
94
35
132
57
26
56
151
164
110
9
100
27
92
142
122
77
150
23
70
20
87
45
18
170
121
58
141
78
130
129
161
86
154
159
76
42
85
90
152
12
104
13
62
83
146
75
145
89
54
49
4
37
21
61
118
123
66
109
17
32
144
99
29
114
6
71
101
72
24
64
149
108
