9
170
158
31
59
102
140
99
122
84
118
61
25
165
138
162
125
143
96
110
145
108
153
7
30
76
161
134
15
26
22
5
87
147
105
113
45
18
65
130
97
2
34
133
144
74
48
72
86
78
49
67
93
83
6
129
20
154
8
53
119
40
163
141
107
47
128
150
112
168
64
92
77
136
12
44
146
126
3
29
9
115
37
39
167
19
23
148
38
124
63
111
75
79
55
164
82
1
88
135
155
32
139
13
89
131
41
24
91
85
66
50
80
54
95
117
16
100
36
56
116
98
71
104
58
149
51
52
27
101
90
166
121
169
17
160
106
21
60
170
103
70
33
157
68
14
43
159
156
137
73
62
46
142
57
127
42
35
11
28
132
69
94
81
152
4
151
114
109
10
123
120
