50 1225
3 49
16 42 9
31 1 1
41 5 15
48 20 15
41 19 12
23 31 12
33 47 19
24 45 2
29 18 6
39 44 6
24 3 13
13 29 1
36 15 17
39 33 2
42 13 11
2 43 9
0 10 17
47 8 20
39 1 2
16 4 7
37 31 7
42 31 8
10 48 14
10 14 17
13 1 5
16 5 18
30 23 7
39 37 3
30 24 8
23 27 4
41 26 12
30 9 11
16 20 6
9 47 19
14 40 12
7 11 13
31 5 17
4 15 11
25 16 20
28 7 15
37 16 1
2 28 14
10 27 16
46 23 3
41 6 20
22 9 19
28 27 7
1 32 9
37 6 4
2 8 11
33 10 4
26 1 13
8 7 5
23 12 17
34 46 4
19 21 10
1 41 1
2 48 20
38 21 11
34 15 5
30 6 17
44 31 13
3 13 13
46 5 11
45 4 18
45 2 4
26 22 10
19 16 12
43 34 7
3 25 19
3 41 7
9 19 7
44 46 17
20 31 9
39 13 12
2 39 20
43 22 19
32 22 9
34 3 20
47 31 6
35 27 16
44 11 20
11 37 2
10 18 17
21 40 16
7 2 1
14 39 20
36 14 14
9 10 12
14 33 6
35 19 16
26 14 1
36 23 19
11 3 8
9 31 17
8 18 5
25 4 17
25 43 9
11 43 14
29 21 12
20 32 11
30 16 7
49 48 1
16 46 9
38 44 3
12 30 20
3 26 12
25 30 16
2 40 2
3 19 19
24 15 20
17 9 14
41 28 9
33 43 16
10 7 2
23 47 1
19 33 16
27 39 14
19 12 13
25 34 12
33 15 13
13 36 15
43 48 17
19 10 6
3 47 6
1 0 17
8 14 5
18 21 6
21 28 19
36 11 1
47 32 20
18 39 8
20 15 10
7 26 3
4 34 9
7 9 1
19 39 19
19 44 5
17 6 8
2 26 9
6 39 20
38 41 8
42 4 9
29 39 19
6 21 20
18 28 14
34 2 4
29 7 6
3 29 3
1 48 14
13 18 18
27 15 8
20 7 8
39 45 7
12 7 17
33 4 2
33 21 7
47 29 11
18 23 12
29 32 9
17 1 4
8 45 7
37 5 20
43 12 2
21 27 20
34 49 15
15 10 13
21 22 7
48 7 6
24 42 3
17 44 14
8 48 17
9 25 4
0 39 7
22 16 11
24 7 18
46 29 15
41 11 11
22 38 2
7 31 20
39 49 16
30 14 11
17 23 12
29 2 20
33 42 17
16 8 15
37 46 18
26 37 17
41 31 14
35 43 10
48 13 2
21 26 5
30 8 15
10 6 9
38 37 7
13 12 7
24 39 11
10 36 2
22 19 6
2 15 15
49 37 11
7 35 4
18 35 1
35 46 19
17 13 14
7 40 18
5 45 9
36 42 20
34 31 20
2 23 6
34 30 17
39 38 6
3 23 20
36 34 9
30 31 13
15 42 14
47 22 10
44 18 6
0 28 16
26 42 5
43 44 12
20 26 15
40 12 6
5 34 19
28 31 15
36 8 6
39 26 3
2 19 4
14 17 6
12 15 12
24 12 19
24 21 6
12 31 20
23 26 10
4 9 6
27 22 12
44 10 12
30 32 14
34 26 18
20 22 11
22 8 2
26 49 20
3 49 100
43 40 20
49 2 16
32 39 15
5 0 16
32 4 19
47 1 3
46 8 8
49 38 5
35 49 14
1 38 5
44 48 3
42 3 8
26 24 5
18 15 10
40 44 2
47 40 12
7 45 1
31 16 11
42 47 4
45 47 7
3 18 5
6 2 9
48 33 10
5 20 13
36 4 1
30 13 3
32 12 15
21 31 9
9 46 18
42 25 20
46 15 5
19 14 18
17 12 3
42 49 8
9 35 17
38 2 12
0 16 2
22 23 2
6 42 4
5 32 16
44 27 11
29 40 11
4 13 7
9 1 20
3 2 17
7 36 1
45 27 7
13 35 15
27 38 14
36 47 17
31 48 14
29 17 5
1 18 18
20 14 19
36 22 2
49 46 20
38 48 4
46 2 9
41 8 12
29 26 20
48 46 3
11 40 15
27 2 19
29 48 7
25 22 8
32 40 18
28 32 14
21 34 10
6 1 8
3 39 10
3 20 17
28 47 3
12 45 14
42 2 3
45 20 6
6 5 11
37 9 18
19 5 16
5 29 9
45 0 14
26 31 15
15 8 11
1 16 6
42 46 18
49 43 12
38 4 7
45 19 3
33 12 15
37 2 15
6 8 18
16 13 1
24 31 15
41 25 15
32 44 17
3 43 14
45 32 8
2 24 2
4 5 15
7 30 3
27 41 8
45 33 19
0 38 9
37 48 15
25 7 15
21 42 20
37 47 5
25 48 17
39 47 5
25 14 6
19 27 18
31 3 12
24 27 6
23 43 5
39 16 15
29 37 8
6 26 3
4 19 5
45 1 5
23 32 8
40 41 10
11 46 11
31 40 9
28 16 16
29 27 11
34 14 16
3 16 18
17 31 8
8 49 17
2 41 3
34 48 10
43 17 19
5 11 11
13 27 14
11 28 13
11 31 15
27 6 2
18 27 12
14 23 7
28 19 15
10 28 17
39 22 10
40 33 16
24 14 16
47 11 8
11 34 3
12 47 12
4 11 7
1 49 4
0 9 11
5 42 1
19 49 20
36 39 6
43 4 3
45 37 6
24 28 17
30 41 18
27 31 10
46 24 8
23 33 20
44 13 13
49 41 13
27 14 17
18 4 7
46 18 6
25 31 18
2 31 6
18 9 14
25 38 1
46 12 2
3 40 2
45 35 5
31 18 1
15 37 20
37 33 16
48 3 16
22 45 14
36 17 8
40 4 18
23 41 13
28 4 7
19 38 4
13 14 3
0 23 5
29 31 13
19 47 9
43 38 14
21 46 10
18 37 9
41 42 20
39 30 4
10 31 9
38 15 11
9 34 11
11 45 5
14 37 8
29 11 4
0 35 17
3 17 20
24 48 8
22 7 7
42 12 6
28 33 13
39 21 9
12 11 1
33 41 19
17 4 15
23 8 8
47 46 18
28 34 1
5 36 2
10 38 9
4 0 11
33 18 4
8 40 1
40 5 13
3 12 16
17 39 15
25 33 17
2 10 15
21 35 7
21 0 14
9 14 13
46 25 14
46 17 11
9 24 11
30 20 1
48 6 8
4 47 14
47 20 13
25 26 9
47 5 16
20 12 18
24 35 19
13 0 16
20 35 18
39 34 2
48 41 12
8 43 16
7 4 15
19 43 18
34 19 3
21 4 1
32 27 19
6 15 20
38 18 6
44 14 3
23 42 2
23 20 1
49 47 5
25 39 4
19 24 11
34 35 8
36 31 9
26 46 11
20 4 7
16 41 7
33 22 5
48 16 4
6 3 11
29 23 14
15 32 4
8 37 18
14 21 8
10 49 1
36 35 14
27 16 15
6 7 12
29 20 6
2 33 18
37 40 10
21 15 20
42 32 15
1 28 2
2 35 14
6 20 16
11 6 13
37 36 7
42 45 17
7 47 1
15 39 16
49 44 13
10 25 9
46 31 1
6 47 13
32 38 15
24 16 17
33 49 15
21 16 19
18 24 3
11 18 19
46 4 13
48 26 4
5 14 3
19 6 13
5 33 17
22 34 2
21 48 20
9 33 15
33 7 8
24 0 12
40 1 11
9 39 19
19 46 6
16 7 19
37 10 2
45 17 1
14 4 4
33 6 11
30 43 18
31 32 13
30 26 14
14 22 13
11 13 10
8 20 12
23 34 4
47 25 1
17 18 5
44 1 16
28 8 1
15 22 20
7 49 20
29 4 13
14 47 10
48 40 11
14 2 8
21 37 15
20 25 18
15 25 2
23 40 17
36 27 12
25 23 7
26 45 3
33 0 5
44 20 8
4 26 2
46 20 11
3 36 19
41 18 11
38 33 11
46 38 5
17 5 11
34 7 13
41 15 13
13 45 20
1 22 1
32 18 10
43 7 10
46 43 4
5 43 6
42 29 10
38 11 20
43 37 20
19 48 7
18 26 9
12 39 11
38 8 3
21 3 18
10 16 6
45 23 1
7 23 19
1 8 4
28 5 11
18 49 17
37 20 8
24 20 19
37 22 18
4 37 6
11 49 8
47 0 9
35 32 14
45 36 14
36 6 17
41 36 10
0 29 3
21 47 2
9 8 16
38 29 6
24 22 18
27 5 1
26 33 1
26 27 12
22 46 9
4 27 13
47 16 12
18 40 14
9 6 20
13 7 11
44 2 17
49 6 4
9 45 13
41 47 8
9 38 14
20 11 6
5 1 9
33 35 2
22 29 6
48 28 2
17 27 15
21 9 4
44 28 2
7 41 11
11 1 11
32 33 16
42 7 6
17 28 17
2 22 1
8 4 16
20 40 19
1 15 4
16 15 20
13 9 6
3 32 13
35 37 18
40 15 18
15 45 13
49 15 11
26 13 5
45 3 12
7 46 11
35 44 10
10 24 16
27 9 4
37 1 15
44 42 15
35 6 8
26 16 11
46 36 3
18 0 18
14 3 9
43 14 14
17 22 14
42 22 15
11 10 5
48 0 7
31 8 10
13 49 15
39 35 11
14 41 9
4 44 6
13 21 19
18 34 7
14 38 15
17 8 5
36 32 4
29 16 17
40 34 12
7 1 10
5 49 6
16 45 11
24 47 15
38 13 17
5 48 9
33 16 5
38 5 16
35 12 5
27 3 6
37 7 19
18 22 14
14 16 17
14 32 11
37 27 2
25 27 5
11 16 1
10 3 17
48 17 13
35 3 2
34 44 7
42 39 7
34 42 2
49 22 7
11 21 15
16 35 19
38 24 12
10 39 17
47 48 1
40 13 18
11 2 10
14 6 18
30 17 11
26 5 8
30 47 8
19 32 1
41 29 19
43 13 8
2 16 20
14 1 1
9 40 8
35 42 13
8 39 19
4 23 9
49 20 19
27 42 1
33 27 18
14 49 19
13 37 10
28 15 3
36 25 7
29 34 15
40 28 16
40 39 6
0 49 2
37 12 17
36 24 12
39 23 20
30 49 9
43 27 20
13 24 4
36 19 20
45 38 11
47 2 13
18 48 10
39 48 9
11 23 7
11 17 4
24 44 4
7 3 1
19 17 3
10 40 17
48 14 14
21 8 3
40 16 18
47 27 3
14 45 7
13 10 15
12 34 15
17 49 1
4 49 16
16 32 17
17 35 20
26 17 13
21 30 9
45 43 13
12 21 3
44 7 3
15 11 8
18 36 13
15 9 5
9 49 19
43 31 11
12 10 1
38 7 12
9 48 9
44 47 19
4 35 8
32 8 17
10 17 9
2 5 4
25 21 10
35 48 10
7 27 11
19 40 11
41 0 14
3 38 7
14 18 14
19 15 3
20 10 2
5 30 3
48 11 13
18 7 7
16 18 20
40 27 15
4 48 2
15 23 7
49 31 16
30 42 20
44 23 13
37 24 11
32 34 13
5 10 12
2 1 7
11 0 4
17 40 9
47 38 17
42 19 15
49 21 14
46 33 14
6 13 4
19 18 1
25 6 17
7 21 9
35 40 1
0 44 9
10 43 16
16 38 18
1 43 12
1 29 19
12 5 17
23 5 14
16 44 6
21 20 3
22 30 9
22 13 5
22 31 18
9 32 13
13 23 18
24 29 16
31 38 7
44 3 5
12 25 15
5 7 20
47 10 13
29 14 13
25 44 18
35 1 3
0 2 14
0 42 7
36 2 17
22 41 4
9 16 9
8 19 8
26 12 13
18 20 17
46 41 7
43 15 6
45 34 13
40 25 6
44 15 9
11 8 10
39 5 19
20 28 9
30 19 11
12 27 7
23 1 2
25 17 17
32 2 13
30 3 8
0 37 15
47 34 14
35 15 12
42 14 15
36 49 14
33 3 6
41 20 11
35 10 10
44 29 7
6 34 15
45 31 3
15 0 15
12 6 6
42 43 11
21 43 8
30 37 15
26 32 11
24 23 3
5 3 11
23 19 5
30 36 8
37 3 16
1 4 12
34 37 17
25 18 11
6 46 12
13 28 19
26 19 14
0 34 4
30 35 1
12 41 17
36 0 3
22 28 20
20 19 1
26 40 5
29 8 5
5 9 11
33 20 18
24 5 16
49 12 13
24 33 15
30 38 8
17 32 10
31 13 7
22 35 8
20 39 13
29 25 17
29 6 3
40 6 4
30 48 20
21 45 16
30 4 6
46 0 13
27 46 11
32 24 14
28 39 12
20 42 10
18 47 19
13 47 18
12 28 6
2 12 18
25 19 11
29 36 2
49 24 16
42 28 6
30 45 1
24 34 2
7 14 11
4 6 16
7 0 8
10 30 20
28 23 8
1 46 18
48 12 11
36 16 14
23 49 5
13 19 20
23 35 12
27 20 18
1 27 19
0 31 5
23 21 5
9 20 5
46 3 14
8 5 11
0 40 13
13 2 3
38 28 7
4 2 1
33 1 5
22 12 3
3 8 20
18 45 7
4 3 5
39 46 17
2 21 3
37 32 3
46 28 17
24 25 6
29 43 10
10 8 18
20 0 2
23 6 13
14 15 13
34 10 3
16 6 7
15 7 16
20 2 16
5 44 15
29 9 15
35 41 8
40 49 3
16 34 15
3 9 10
11 42 20
49 32 19
11 25 4
8 0 8
35 38 3
27 8 18
30 2 12
12 16 18
41 32 18
43 16 11
25 13 14
12 8 14
40 38 4
26 44 14
42 10 6
49 16 8
38 34 11
31 15 13
1 24 2
1 21 2
10 23 7
38 26 17
8 24 4
5 13 2
45 25 15
41 43 6
1 19 2
9 12 2
31 35 3
20 34 8
33 30 9
44 37 3
23 16 11
13 41 20
12 36 13
11 9 1
9 2 12
32 48 16
9 42 12
49 28 12
41 21 20
32 25 1
26 0 1
15 5 5
17 16 7
18 43 3
21 10 5
48 27 15
12 18 7
0 3 12
41 17 7
32 21 15
30 27 10
49 25 19
36 28 11
32 7 16
35 11 12
33 36 18
34 13 8
28 6 4
0 27 12
43 39 19
0 6 14
35 5 10
15 48 18
35 8 5
10 41 11
46 14 4
1 30 16
36 40 18
9 41 12
9 43 18
48 22 1
38 42 11
28 35 4
18 5 20
26 11 9
35 29 19
18 30 8
49 45 10
44 22 7
34 27 5
6 45 1
26 47 1
44 21 10
15 29 13
25 37 2
40 42 19
34 41 17
46 40 17
47 43 16
37 42 11
46 30 14
33 11 14
17 47 9
8 25 14
33 44 18
6 18 16
1 20 18
43 0 3
32 0 13
36 44 7
12 4 16
41 24 20
46 32 7
47 35 17
14 28 20
5 21 5
34 8 6
29 33 7
20 17 16
21 36 5
46 13 11
31 19 8
30 29 8
10 1 18
39 4 19
12 14 1
10 45 2
45 29 1
33 34 7
6 43 6
22 6 9
4 10 11
32 6 17
25 35 8
17 7 7
20 43 3
3 15 14
2 25 7
4 31 18
37 41 16
46 45 8
44 9 12
34 1 13
45 41 8
11 39 3
12 38 15
0 25 19
23 37 1
13 33 17
29 19 11
39 41 15
17 21 6
17 0 12
3 1 18
11 24 2
30 40 10
45 48 8
46 10 13
0 30 18
43 26 18
40 24 20
45 40 19
2 17 18
17 34 15
5 22 12
24 4 6
38 20 8
48 36 16
13 15 7
17 38 17
15 47 16
28 43 6
27 11 18
44 6 9
0 12 4
24 17 7
42 8 18
6 38 20
49 29 11
32 43 5
26 10 8
8 33 11
22 10 20
44 12 11
11 14 1
35 26 18
26 28 4
41 4 18
23 9 7
30 44 14
10 29 1
48 23 18
39 31 9
26 8 6
30 11 16
6 24 10
8 13 4
1 36 10
17 15 10
37 28 1
22 40 15
30 15 12
18 42 10
1 12 12
24 43 11
14 0 10
38 36 19
0 22 14
30 28 13
26 36 13
19 37 3
45 44 17
32 13 18
22 4 6
36 9 3
8 44 4
3 22 20
1 25 1
18 2 1
19 7 17
31 33 16
9 26 17
12 29 9
5 25 19
19 0 15
25 28 9
17 42 16
39 7 17
36 43 1
45 28 6
37 17 11
19 11 18
28 29 10
44 41 11
22 11 20
6 31 11
14 31 4
20 13 12
10 32 7
35 14 7
33 17 12
20 36 13
9 28 20
1 42 10
27 49 4
38 23 7
32 11 6
26 15 11
28 3 15
42 48 19
